cam_model: EquidistantCamera
cam_width: 1920
cam_height: 1080
scale: 1.0
cam_fx: 1102.9579338362603
cam_fy: 1103.3687724965082
cam_cx: 932.5043192471871
cam_cy: 534.382740993601
k1: -0.04789203432518283
k2: 0.014398743358070955
k3: -0.011567135531930584
k4: -0.00036881425318450187

 