cam_model: EquidistantCamera
cam_width: 1440
cam_height: 1080
scale: 1.0
cam_fx: 699.3743
cam_fy: 698.0469
cam_cx: 712.8730
cam_cy: 559.5695
k1: -0.04128087844961968
k2: 0.0006219036160906912
k3: -0.0009998671538287006
k4: -8.250639409450494e-05